time,x,y,z,phi,theta,psi,x_velocity,y_velocity,z_velocity,phi_velocity,theta_velocity,psi_velocity,rotor_speed1,rotor_speed2,rotor_speed3,rotor_speed4
0.06,8.201377609295194e-08,1.3320376163249595e-07,10.003218927004145,0.00014210370063771904,6.282906693437578,0.0,1.4871608236418419e-05,1.2153779514663663e-05,0.10729276275294049,0.006728259242694082,-0.016088028372430428,0.0,440.4569078730771,439.1246964217828,438.3440891012177,438.9027103419122
0.12000000000000001,1.2118866080172851e-05,6.793302176771895e-06,10.016169930581297,6.283170245070259,6.2818075034002785,0.0,0.0005090365110047932,0.0002444084565756849,0.3243701810706047,-0.03794869144251511,-0.02320524558342207,0.0,473.21034848948824,472.6623351898872,474.01744972115904,470.5722530786949
0.18,7.809944997042655e-05,1.33201061028569e-05,10.03996179578031,6.281828194697077,6.280836733147018,0.0,0.0018154872148154482,-0.00021157504353223143,0.4686429276420023,-0.0019860474480222594,-0.004916166298360985,0.0,449.77968947057906,451.2582687815079,449.74898854788245,452.6516603327376
0.23999999999999996,0.00024041498334923206,-3.0098940136407704e-05,10.072692496925999,6.281696513742933,6.280676088517618,0.0,0.003619534703654196,-0.0012494145302268892,0.6223087398328998,-0.002615283406132532,0.0014614440666243541,0.0,453.38975683594776,453.90183935649907,454.1040858000169,454.05366157428466
0.3,0.0005117812395392337,-0.0001374636742142699,10.114080627922295,6.2819808916474535,6.280467500264653,0.0,0.005429605900177261,-0.002319223929885851,0.757215473517129,0.016428078271951238,-0.015850411659910295,0.0,448.52797573793487,447.1200614169498,447.92087373415893,449.4666190804626
0.36000000000000004,0.0008956955987899875,-0.00029698105511261665,10.161928307781382,6.282501042368255,6.279438500289682,0.0,0.007465359673029087,-0.0029150990598196874,0.837651042278379,-0.015169040286546026,-0.01988463041123589,0.0,431.38217371412344,431.04149382219305,432.62079922234386,429.95241398999565
0.4200000000000001,0.0014340910426918333,-0.000491117398497544,10.217353604285218,6.281802919138238,6.278333768090615,0.0,0.010609890301064651,-0.003645698944589135,1.0097218034197626,-0.005368566677783024,-0.015619166476569312,0.0,459.71856703986106,460.05645010007544,459.58549262746595,460.36164164948894
0.48000000000000015,0.002194175824046264,-0.0007448881129657076,10.284918724567708,6.281852927080383,6.277657312058519,0.0,0.014821837288834499,-0.004826841087056238,1.2422249774133731,0.011004382463541167,-0.0037570935196688023,0.0,477.83940427160064,478.74283576974926,477.34156177596805,478.58922600226623
0.5400000000000001,0.003211629337903005,-0.0010616834722032896,10.364788030849768,6.28299036575039,6.277319624980304,0.0,0.019123756417295898,-0.005626827562880319,1.4198814133309734,0.03139686126322004,-0.009660786593952319,0.0,462.32589447849364,461.8606526678177,461.9235146674147,463.528633426006
0.6000000000000002,0.004476757689768136,-0.0013963265352316958,10.4520666648373,0.001389487471135098,6.276970016510415,0.0,0.023091032331242788,-0.005356432523442038,1.4893179148597748,0.013869160054352007,0.0009101858971803461,0.0,427.79965622463027,428.6988306887496,430.72062242384106,429.23601880680127
0.6600000000000003,0.005990013542254274,-0.0016855736203384153,10.544349266872365,0.0025601772496575137,6.2768430724866615,0.0,0.02735284307895114,-0.004181685973934625,1.5866383897986207,0.02891013902828671,-0.00898378469654595,0.0,438.93490888971394,438.1131622851105,437.348867847625,438.5997070027513
0.7200000000000003,0.007758793556289244,-0.0018793606587713724,10.641711532735659,0.003907831483488167,6.276392201449493,0.0,0.03165409897069904,-0.0021225753600149153,1.658667705786705,0.004665696673265182,-0.0047269249738912,0.0,429.4897150899202,429.8506868950454,432.2354702040283,430.18762606504777
0.7800000000000004,0.009800851765944129,-0.0019233766708015986,10.744507456642648,0.004575980105428812,6.27651574119721,0.0,0.03641893104937502,0.0007062012810492515,1.7677004268127487,0.02166726069235057,0.01300996176351963,0.0,442.2736899338386,443.73201134719517,441.212097666458,442.6133259379226
0.8400000000000004,0.012128230423330139,-0.0017760940177051544,10.854701819937995,0.005530579081177045,6.277159580918198,0.0,0.0410818021750941,0.004327329409220762,1.9052258191568248,0.0007497707060662249,0.00573047534392687,0.0,451.8752560757389,451.28797679431426,452.6125112681777,450.9259498269065
0.9000000000000005,0.014731762886736919,-0.0013868517407564912,10.974600109819,0.0061719040833772,6.277206191065034,0.0,0.04567536777006117,0.008690815635235225,2.0910626841329996,0.025473224537918317,-0.01164802511622048,0.0,467.71562276563566,466.36027067129265,465.55336559323564,467.48362201136496
0.9600000000000005,0.01760392490504092,-0.0007252357682949815,11.104107308367555,0.007796154146083367,6.2771460595379285,0.0,0.05009631574394363,0.013530421466747359,2.2255903782629587,0.03008812402783433,0.014564536434616618,0.0,451.0121906258062,453.12426945541864,451.5706961498002,451.9429505965767
1.0200000000000005,0.02074631388622576,0.00027778809042712516,11.243492209049272,0.009174861274702018,6.278927963660294,0.0,0.0544816942757734,0.020092607567596402,2.420181251142094,0.0023482637092809774,0.04968448968905702,0.0,470.1999917889008,472.91300339502567,470.66678623683237,468.51509118224055
1.0800000000000005,0.024086890867878255,0.0016613596937353828,11.390393372307885,0.00929808393648468,6.281600105249749,0.0,0.05659762767307118,0.02603797037353019,2.4764049509518298,0.0014579574662579155,0.03148004086929023,0.0,429.00389219732244,427.45656431466193,428.89604558847043,428.820382481127
1.1400000000000006,0.027506135697762262,0.0034003997090129297,11.540280274693837,0.009559374107287688,0.00014677620110603584,0.0,0.0572069441836889,0.03194598025547597,2.5197306617191733,0.009596864151059313,0.023047141924719655,0.0,425.0447750895014,424.32174288864525,424.1617636269219,424.86006961211
1.2000000000000006,0.030929791834148734,0.005514295956566762,11.694209554242644,0.009971940958052095,0.001894515609992098,0.0,0.056755126072198854,0.03856565583655849,2.6110407017730854,0.0007877512711249339,0.03913431541595546,0.0,439.63261112755015,440.96376047754285,440.5942132160815,439.8652176728673
1.2600000000000007,0.03428091914398064,0.00805934341477282,11.856368840277812,0.0100270440625021,0.004337606898352497,0.0,0.05467615795037714,0.046270794270955554,2.793840035291145,0.0011784039408065108,0.043710601967829235,0.0,468.4268523445782,468.7833496631368,468.8705377108916,468.9008654806821
1.3200000000000007,0.037481298905819346,0.011002490117411412,12.022941901046973,0.010375444552416013,0.006718294208799769,0.0,0.05179621249605942,0.05185317062980413,2.7586799501698755,0.01374710250159568,0.03006352828460444,0.0,401.5344344465409,400.2954204914288,397.95408412891214,399.1028449314354
1.3800000000000008,0.040392116780261306,0.014406942566649077,12.198673190813176,0.01097120666515039,0.008691107380212948,0.0,0.04497692809877397,0.0617189846592871,3.0981717534432245,0.0009233276138066017,0.03798914619237483,0.0,513.3442523291233,513.9065845661803,514.6152982481377,513.7066701722266
1.4400000000000008,0.042894124079732,0.018346851945779636,12.388465450625931,0.011067756707425325,0.010719811191917117,0.0,0.03819560438396862,0.06961542635959454,3.227877762286471,0.0029468338643563402,0.023775167974816526,0.0,455.768138121527,454.6310894099281,455.19413159426705,455.3560010855676
1.5000000000000009,0.04495437248112013,0.022757564462017228,12.585542571788524,0.011273790441042486,0.01192351061503949,0.0,0.030344948815853246,0.07742453612744137,3.341033992331281,0.004390707125126968,0.0113484457016125,0.0,450.7348124086417,449.72935471072225,451.49769920937086,451.6141110101378
1.560000000000001,0.046541538618367996,0.027622526279273623,12.787710784853129,0.011832344514134618,0.012238404843873063,0.0,0.022511111266093245,0.08477955174654585,3.397738077867366,0.01767565412241199,-0.011183758699234738,0.0,435.4402327176957,433.55109069080356,432.50248935097216,433.61988595166844
1.620000000000001,0.047675079785497995,0.03292438208961907,12.991810462384445,0.012680744535736643,0.011774645897199676,0.0,0.01532356502476029,0.09203397483880754,3.4055600322545163,0.005916672041020056,-0.0015876869465578079,0.0,416.75082621580935,417.5888895896906,419.603450062796,418.5812405091339
1.680000000000001,0.048305119142016115,0.03875756606637512,13.202901718857808,0.01305593626928303,0.012845561871186462,0.0,0.0056087797484072124,0.10244056924448228,3.6301282328999402,0.006917917685353931,0.04135410024760455,0.0,483.2343548726655,486.4606562925246,485.46577807235366,485.5407950968603
1.740000000000001,0.04835615131893652,0.045185539374554606,13.42450287208056,0.013370835178006857,0.015234937367804235,0.0,-0.004160245002847574,0.11185855147082639,3.7561670298378114,0.0016803359451365491,0.03657073002495663,0.0,456.86764037822604,456.4868362537912,458.2930149126591,457.87641444448263
1.8000000000000012,0.04777342441524457,0.05218213319866282,13.65350415965206,0.013646062136084325,0.017372050285328733,0.0,-0.01548520170546562,0.12137595277988573,3.8768035841042803,0.009845408549468797,0.033643198772434525,0.0,458.1305613356753,457.89823229314175,454.81528136733033,455.4687227392017
1.8600000000000012,0.046518824078332875,0.05971878376617455,13.886768726259291,0.01578651608471393,0.019713450139625444,0.0,-0.026532130581377922,0.12998968551341505,3.8986011156508367,0.06341348030081423,0.04805124261242383,0.0,425.47634135074424,426.70899258399544,423.93066734972416,428.50967328103155
1.9200000000000013,0.04452911705485097,0.06784209874646402,14.12266547274705,0.019832367178135968,0.022274669450832008,0.0,-0.040053613855743,0.1411651756048589,3.964383923090882,0.0744473267340908,0.02890825105255997,0.0,441.95824104953,440.3784860146971,439.4264117664971,440.3436133506391
1.9800000000000013,0.041653515517542934,0.07674455951299826,14.363758861193679,0.025088088629996896,0.024147361166021675,0.0,-0.055977340823008065,0.15608506337011366,4.071668304034896,0.10572511292574018,0.03545961706784515,0.0,453.455962767321,453.9822885361067,453.03488393172,455.5488408938325
2.0400000000000014,0.03769377291169884,0.08675213943580973,14.614857343575931,0.03096035099865535,0.02666570340141572,0.0,-0.07627673854807648,0.1782258599909213,4.297429172734193,0.07355415903502226,0.05255842812033933,0.0,489.72847924038894,490.9994836367223,490.6602163099849,488.2727041307582
2.1000000000000014,0.032475076222647996,0.09819409933190107,14.878592555300994,0.03536364273644477,0.029689382034185918,0.0,-0.0980183671898458,0.20366018452042792,4.492965488077354,0.07305437269214395,0.04567367807724635,0.0,483.49851532998423,482.9808759123474,482.57010417621814,482.53609407319715
2.1600000000000015,0.02598017844462659,0.11114856896613134,15.150821171847639,0.0396916212348053,0.03223171946854375,0.0,-0.11873322029115604,0.2285787274133,4.580942842579076,0.07022447806369263,0.0347831924242442,0.0,452.8374773324273,451.9614238607516,452.2543403140047,452.03024273536295
2.2200000000000015,0.018317472355370876,0.12553085533223626,15.424506977866326,0.04392615761308605,0.03380162916284579,0.0,-0.13685378285027278,0.2511806320219372,4.542046682833364,0.07126840524510669,-0.002904531769405182,0.0,413.3172876443498,409.98204578363516,412.2273270841419,412.3238098735369
2.2800000000000016,0.00940331321205626,0.14153166856334023,15.70015935633572,0.047986674688818454,0.03358641700125542,0.0,-0.1602504278883643,0.2825892286363095,4.645921458944141,0.05929922478044065,-0.0049878000746763455,0.0,458.98768780622254,458.82237606826465,456.9482721058406,455.99629159694894
2.3400000000000016,-0.0009137846868932484,0.15950461512165742,15.982164075749282,0.0513400392583403,0.03298759358284542,0.0,-0.1835940253645798,0.31684412064633233,4.753766926679853,0.04801089690845971,-0.022529961796297134,0.0,460.9468240512597,459.5584001640316,459.82532698500825,458.9320935706916
2.4000000000000017,-0.012524110614922613,0.17945634024419516,16.267863675027048,0.05399850902768488,0.03170628368419237,0.0,-0.20329678892898587,0.34845817941260654,4.769468209546041,0.03562593887246863,-0.019103627813818243,0.0,431.94791735564763,432.23679100946936,432.0721567226797,431.02777165899244
2.4600000000000017,-0.025269938278418936,0.20130877779767567,16.55373543368175,0.05613717421576592,0.03010193505487102,0.0,-0.2214543985169617,0.38014076200036107,4.7596148267308065,0.035681347689576245,-0.049920820477735106,0.0,424.1458426710223,421.49010432548084,424.4285756129533,424.43395561712083
2.520000000000002,-0.03928154377159146,0.22550074491369923,16.846111481437294,0.05791635645498161,0.027124840310619014,0.0,-0.24521116417190167,0.4264438424535362,4.985280305856656,0.013497686108079606,-0.04902006278028905,0.0,495.09348606823403,495.15850039683676,496.5940500082039,494.9641334840807
2.580000000000002,-0.05454524991785374,0.2522882151432092,17.148241542854585,0.05832901462207385,0.024158189282053932,0.0,-0.26326685758077845,0.4665119485854619,5.08527480171463,-0.011621210366622062,-0.050305909165098806,0.0,460.86589596010646,460.7628104668439,461.16817951514093,459.17948855146625
2.640000000000002,-0.07083876330151097,0.2815015511086145,17.456689417586233,0.05830581350026698,0.021465522509644508,0.0,-0.27954574140431854,0.507203371184115,5.195823108234332,0.015811887395553895,-0.03578230021041824,0.0,463.2407331689425,464.3804201798848,464.31130583534235,466.45887088297576
2.700000000000002,-0.0881400276036306,0.31339478184841696,17.77576715739642,0.059121105803885854,0.019033499157976586,0.0,-0.29686136558840776,0.555944468903263,5.438961425333075,0.008722037091161405,-0.05231003204915878,0.0,505.27993381046826,504.0861629562562,503.5944749251279,503.08118215436514
2.760000000000002,-0.10635118487917467,0.34802537128849526,18.105973368759003,0.05965135922058007,0.015644984158168285,0.0,-0.3098228014984015,0.5984244438701466,5.567287372321333,0.00906760613720601,-0.06647351941994152,0.0,473.84415161567944,472.75188378829716,473.1538480147546,473.1803291520475
2.820000000000002,-0.1251960420298291,0.3849430851471426,18.43932446383986,0.05994177487044716,0.011443003807690033,0.0,-0.3180006339607811,0.6322054024907959,5.544523405604711,-0.0053462798661719985,-0.07831656268485258,0.0,428.60343739862117,427.5915131766988,427.34662828172594,426.1159251293653
2.880000000000002,-0.14450736226290856,0.42416488270137115,18.775908992319565,0.059613554348160847,0.006764999398956917,0.0,-0.3252072798026773,0.6751104876301279,5.674324988274031,-0.005719640547155038,-0.07727652281338825,0.0,475.09038662076176,475.1657278033576,474.26714559975426,474.2385610822774
2.940000000000002,-0.16412987227088968,0.46573966432281716,19.11669108639648,0.06002097877019619,0.002373991952334009,0.0,-0.32847904108967646,0.710717021737142,5.685022496413435,0.024301001436565245,-0.06605153468579301,0.0,438.79272037972623,439.71948197064944,438.29584052657,440.7842382176092
3.000000000000002,-0.183871120128536,0.5094198755328014,19.457411326920937,0.0613801724034726,6.2815733342458735,0.0,-0.3292259623420645,0.7454097374892392,5.672368670861862,0.019135717472086464,-0.06720589495842204,0.0,431.8744485365784,431.77362857394473,432.40153513136045,431.96613928828214
3.0600000000000023,-0.20358486420421001,0.5553008691602642,19.798942025855272,0.0631026867098674,6.277472316873112,0.0,-0.32752353306042586,0.7840775020162191,5.711774009317868,0.043075856830493926,-0.07074206997885384,0.0,448.39975321502834,448.1088555183022,447.7954675978199,449.73927211700493
3.1200000000000023,-0.22310376801975523,0.6036865441670456,20.14516815330953,0.06524357158730432,6.2732224235191225,0.0,-0.3226693050253285,0.8289900746604757,5.828476380888805,0.013710245089502355,-0.071011035302073,0.0,472.1987637630169,472.17449286002386,474.03290362768695,471.77097011293506
3.1800000000000024,-0.24224976741095627,0.6547580868510493,20.497689024214953,0.06588097086006073,6.269314384942682,0.0,-0.31512760975363524,0.8734307301231833,5.921721434158079,0.00359714318509661,-0.0554125492224517,0.0,465.8057374188112,467.0211936735326,467.490024022333,466.7010818451739
3.2400000000000024,-0.26085446890048936,0.7085720060426576,20.856800004707814,0.06662037861413861,6.267296278361904,0.0,-0.30477611944710464,0.9203696373760274,6.047963145105759,0.025703650219843662,-0.008459658244544737,0.0,475.6198221981384,479.2021500867837,476.8863881501154,478.5722087550232
3.3000000000000025,-0.2789327160187892,0.764681470108066,21.215427081496127,0.06790077603850708,6.266684450333216,0.0,-0.2977824125423993,0.9500832248374946,5.906995201850228,0.0107501446335189,-0.013920584981199937,0.0,393.30457469531336,392.79844875157517,393.012399632959,391.62367030683305
3.3600000000000025,-0.29643719162363236,0.8231793325408212,21.574286123527802,0.06847062417857508,6.265962264287893,0.0,-0.2856277917645166,0.9998499012438415,6.054177949744199,0.006866378116102248,-0.00851193860483284,0.0,482.64649199781564,483.0547307908512,484.57961416184423,484.2873949504475
3.4200000000000026,-0.3132146696887688,0.8846054904978882,21.940987474894165,0.06900684905995647,6.265014565917443,0.0,-0.27356266642406857,1.047686102917552,6.168564847223552,0.012786504232151276,-0.037234953872562745,0.0,476.2116528907351,474.009065183129,475.8328455556727,476.2857983701486
3.4800000000000026,-0.329279151838475,0.9487750632095567,22.31255983489704,0.0701172276288089,6.26219578998295,0.0,-0.26170698882253496,1.0913618026497607,6.216891883439126,0.028013186793424304,-0.08756662456994066,0.0,459.3910051003871,455.3796414460756,455.8710785886406,457.08635618683263
3.5400000000000027,-0.34453108511899494,1.0157038565906416,22.68867826901578,0.0714106095216751,6.256439904635679,0.0,-0.2461530871915623,1.1397051960340725,6.31978635274412,0.0037300690037967554,-0.12325774175104598,0.0,474.7772201457535,472.0223889254056,475.582367051334,473.71838688946747
3.6000000000000028,-0.3587287047237692,1.0855375681187782,23.070747759998824,0.07223462950551252,6.249272288013117,0.0,-0.22638304723472402,1.1880926952790454,6.415298048806365,0.02859042321594857,-0.11278593526747543,0.0,472.55748490996785,473.35220608056284,472.1265978388599,474.0411195854013
3.660000000000003,-0.37171889552450627,1.158040009112208,23.45504759568815,0.07365145249415406,6.242480377041318,0.0,-0.20605175329630965,1.2287862493430992,6.394772863166448,0.0111173285413231,-0.11403593631817512,0.0,439.5591804593132,439.4439982084756,437.87439148212115,436.4180984142757
3.720000000000003,-0.38328136601282137,1.2331662156057925,23.840305934229452,0.07528235034316388,6.235636227733682,0.0,-0.1787297559168153,1.2755051316501786,6.446829923803153,0.047982294327468415,-0.1141356145627332,0.0,460.60080775316675,460.5818304799182,459.78755523829847,462.69975070630767
3.780000000000003,-0.3930431629033234,1.3111791908742243,24.229304663825253,0.07863301674984946,6.228234128042338,0.0,-0.1460043953626002,1.3251924478668937,6.519301027982158,0.06816797825357299,-0.15740689899147356,0.0,469.74922790757324,466.36654684132304,466.83034246935364,468.40499302220627
3.840000000000003,-0.4009430461736556,1.391880998942286,24.618103646102146,0.08257779512120855,6.218640333820737,0.0,-0.11658478190527936,1.365196588304751,6.4410278493687,0.06040306360338627,-0.16540139230785755,0.0,421.45825621372984,420.7406126249553,421.3093347113159,420.64070689189043
3.900000000000003,-0.4071418521348002,1.4747754775566873,24.99902304486746,0.08587561224493889,6.208642830196336,0.0,-0.08937919064323016,1.3982355104984963,6.257244385422416,0.0409297638973896,-0.16918837184392307,0.0,383.3742312221243,382.98269560659406,384.0356350551196,382.1859904682043
3.960000000000003,-0.4111783053297563,1.560148186934657,25.37422966204083,0.08871195076568128,6.198621605131656,0.0,-0.04430140067109583,1.4477356249845759,6.24957549495496,0.05762975376499164,-0.16300851700696117,0.0,442.0761429129792,442.55834124718467,439.7526963590469,441.1355070139104
4.020000000000002,-0.41202086381687947,1.6488667187492039,25.752593790513558,0.09301274355661437,6.188992570734429,0.0,0.017165531142755357,1.5098837175338748,6.361773359968781,0.09067109750719984,-0.15586614567986523,0.0,478.17147536484674,478.69287132094485,477.17027985864394,479.689762927177
4.080000000000001,-0.40885094942237893,1.741528200836352,26.138937464451125,0.09868777463470213,6.179709316262155,0.0,0.08943415392448131,1.579339756549615,6.515260050403734,0.10143800520200277,-0.15252623739068108,0.0,492.1521956401499,492.37931170117224,491.476896922963,492.2810143836972
4.14,-0.40185096635249873,1.8378102407857828,26.527736770757897,0.10538391413799086,6.170563986325789,0.0,0.14464013018956026,1.6305768849809152,6.444925907612836,0.12662818729445402,-0.15221509157705418,0.0,424.50531810280944,424.50892930151684,424.51473962237367,426.68261523424513
4.199999999999998,-0.3910290344278174,1.937612767628787,26.91547109258952,0.11252256727049215,6.161889460800378,0.0,0.21688186385531139,1.696814916548108,6.479094735193667,0.09575023655861171,-0.1325383262261189,0.0,457.16418562070737,458.7105506034693,459.8890721749233,457.44795277444484
4.259999999999997,-0.3760042097256256,2.041245329906093,27.30287474563305,0.11856120283935123,6.153797287234669,0.0,0.28461961567299904,1.758078541313023,6.434385628259683,0.10896828551811728,-0.13998912906492372,0.0,434.1391392035887,433.49603301969614,433.76248962297325,434.8802987701982
4.319999999999996,-0.3569468085421816,2.1484990451251926,27.686311061346327,0.1250551144695864,6.145314356152763,0.0,0.3513144142225313,1.8175556738518905,6.347071887078478,0.106718127524783,-0.14432131568332945,0.0,420.54942516229534,420.1540322410075,419.3607501523881,419.17627443702514
4.379999999999995,-0.3335688189316691,2.2595838790181015,28.065817790432774,0.13127961058549786,6.137059999246816,0.0,0.42866034724633534,1.8857727590578164,6.303116299017911,0.09700823650662206,-0.12668162699140323,0.0,433.26925999289347,434.73187404019734,434.03693667274615,433.2306831453442
4.439999999999993,-0.305381742503065,2.374886625973355,28.44288382205366,0.1368836821924342,6.129570677880494,0.0,0.5115479656702548,1.9581002821579565,6.265670685283787,0.08498919084208284,-0.12134387462361089,0.0,436.7496560848802,437.1802654793926,435.62628244289357,434.62737400808726
4.499999999999992,-0.27147963273334436,2.4951567616443384,28.82158098408458,0.1428947815947783,6.121913355577091,0.0,0.6191766484340465,2.051344449098809,6.3566967228923605,0.12021701045674839,-0.14471289840373988,0.0,476.0212873956402,474.21511242304354,476.8092633667062,479.5009116618258
4.559999999999991,-0.2308766585456447,2.621213409239375,29.206169829274796,0.15080329126456693,6.113088524639126,0.0,0.7350362973070268,2.151174222153015,6.461871414894409,0.1483677726526359,-0.15228778293564632,0.0,482.66850637270414,482.0779074754988,481.98534564139084,484.1225946534499
4.6199999999999894,-0.184353144140135,2.7523551217285687,29.590064775163928,0.1596487173330381,6.104002461511252,0.0,0.8164771231522593,2.2208751095230705,6.334956692064825,0.14546805558174614,-0.14978202079903857,0.0,409.1551960670666,409.3545315703733,410.9100762498381,410.6751891992951
4.679999999999988,-0.13227343403663322,2.8882705281672805,29.96923178908946,0.16844895945417626,6.095452754989196,0.0,0.9202397917440026,2.310314693374808,6.30364111724746,0.14897091059354056,-0.1309055479600676,0.0,441.51466384938095,443.0503875650169,441.18685093647855,441.49634112335775
4.739999999999987,-0.07329550879444736,3.0301605682022945,30.349197091688403,0.17756986577740275,6.087821843294217,0.0,1.046330454696344,2.4200703948782403,6.360978245005657,0.15749137666435264,-0.12062274285195058,0.0,469.8194620304895,470.60238129341707,470.83064462044973,471.50980446691597
4.799999999999986,-0.007290364385340273,3.1781900954437945,30.729148734632375,0.18677281487622022,6.080649812827193,0.0,1.1544318168576668,2.514949230603998,6.303875853263245,0.14355887274462015,-0.11744238909147837,0.0,435.6470790278035,435.8998158375192,436.4984487025869,435.3564657433421
4.859999999999984,0.06565282976658773,3.332353359959527,31.10721954983041,0.19666277007759714,6.0738442139714905,0.0,1.2775594263310197,2.6245375675744262,6.297923118054262,0.18964214900611695,-0.10641523623388525,0.0,452.6718017651058,453.5472645855572,451.28096376941846,455.00996152516666
4.919999999999983,0.14571392460424823,3.4929026152575426,31.4830865426589,0.2081708616979583,6.0671286724183595,0.0,1.3916676656120428,2.727953373989982,6.230730211129696,0.19579787133309898,-0.12619480719681397,0.0,435.24864674541914,433.57791896496684,433.7264611766724,434.280030945493
4.979999999999982,0.23373414883282015,3.6607755135735243,31.859298987998464,0.2199277594942144,6.060042126973848,0.0,1.54287945875761,2.8687258834509755,6.30841526075791,0.19624697311597897,-0.10551480303717693,0.0,481.33906359056,482.89030065758294,480.659734499346,480.7281039727122
5.0399999999999805,0.33066884648087097,3.8370300486845546,32.238813393271414,0.23215400367698447,6.053818740643035,0.0,1.6887163637169849,3.0073306277711733,6.341046748227026,0.2156566586487491,-0.10036366995148512,0.0,469.8376541511929,470.2282184554385,469.2975470821759,470.8398998807592
